0 0.9147519363083678 0.5774315766683056 0.04182793507002245 0.06051160266556703
0 0.48390004259467395 0.5399289473470683 0.12944355913900907 0.16604620031656908
0 0.3531893899896401 0.44718385471063105 0.17454204342324342 0.22977373119538153
0 0.47090977522627836 0.2610226973470683 0.07333480024766885 0.10043792069139794
0 0.6643429439613626 0.1426006209414601 0.0980094685684687 0.12768238229073817
0 0.37003001778268035 0.1387181368430847 0.041900709677128486 0.06207410266556703
0 0.3391267741928211 0.16200487265731972 0.04531680810555185 0.06841503087881237
0 0.23989090756743262 0.17550141983346818 0.06599318114108117 0.07681856426490725
0 0.20946069892376146 0.20894440564770317 0.05639985731976358 0.07185827962517113
0 0.1358969203877142 0.22084736058312587 0.060252603390822126 0.08757420783841656
0 0.18358978928490505 0.792554876022532 0.033578787427387444 0.050909282132453625
0 0.1661967739834241 0.7038871811162393 0.04680653349844599 0.066897994985435
0 0.6704477421376079 0.9883711443649321 0.05777826674922295 0.02325771127013567
1 0.700000231593638 0.5899075299543755 0.0541823858558109 0.05775031551854859
1 0.8541248054149555 0.5990732444567097 0.046660984284234173 0.06377299498543501
1 0.9560511784504848 0.6098409113871839 0.05908820967712849 0.06257420783841657
1 0.9462673019002988 0.4667812331739386 0.03485018899896417 0.044704746239076346
1 0.5988056811410811 0.09232182462324151 0.08122007485477489 0.10222774122451136
1 0.41095257836943155 0.24679506129540635 0.06301373035529281 0.0798526360516619
1 0.43788756761606457 0.3895735946815012 0.1387457845319034 0.16475648495630518
1 0.22766931327283838 0.5496376018076372 0.1275514193542569 0.12542120031656906
1 0.14468768527491035 0.4598416644231918 0.12188361621110375 0.1377393438900784
1 0.11760510855810866 0.5651596502374268 0.12857026385373888 0.14729620031656906
1 0.15235055954878474 0.9568637654394063 0.13532537799792804 0.08627246912118736
0 0.3539644094249502 0.916101339271225 0.05512845574818694 0.07806281551854859
1 0.5558650496239872 0.8119690833987303 0.05945208271265763 0.07038670783841638
1 0.5245359286553726 0.9862797954602888 0.05345463978475227 0.027440409079422422
1 0.02973261931147564 0.4206080166930475 0.024096779569504588 0.08184103338609497
1 0.5291848872990437 0.9594291051063426 0.05062073821317572 0.0482843873053028
1 0.5645594611203613 0.965139547505353 0.04153683664159917 0.05426160266556721
1 0.2433329704259862 0.8691915838609485 0.03739299214211718 0.032295674452321774
1 0.22420844292339623 0.977861890208297 0.04393409057054054 0.03872753087881229
0 0.5538060516909018 0.9946605967930722 0.03241439371369381 0.010678806413855569