0 0.6305120197202392 0.3918015537993863 0.33627307718412747 0.253539171306994
0 0.49222003694167854 0.46351765269443507 0.19550452199532414 0.15976775595208464
0 0.46734304918874053 0.7260065810387946 0.09993006763635784 0.06760239926336595
0 0.39974115209317 0.7252360387162492 0.05726897095570589 0.05840236188449897
0 0.5423053151607802 0.5958877562810609 0.06796967261537964 0.05604218639013112
0 0.8408495589370026 0.5867923536635004 0.05632177759440182 0.04590236188449896
0 0.7095931006293443 0.23312068646700573 0.12225535352912935 0.09558528763096837
0 0.981359511622362 0.2978834009297243 0.03728097675527593 0.0699954257464694
1 0.9854559383869267 0.37986002060789337 0.029088123226146578 0.058948665102807676
1 0.9475550419160561 0.23297394895225287 0.08610436597668389 0.06974405347041027
1 0.7455529888018452 0.15835027940996976 0.12272895020978147 0.10183528763096841
1 0.47472211577619133 0.31551719526908206 0.20054721950581325 0.16478303788306992
1 0.26764516681580974 0.4226734034507397 0.0841866684661949 0.06494729282674853
1 0.11597407780882747 0.3178270023457885 0.07926237012586887 0.06149451089576328
1 0.0982988964940926 0.8515571461612726 0.06773287427505373 0.05291718639013112
1 0.4223848240838498 0.6820269880958305 0.07469326929603178 0.06272922896477802
1 0.4899867211794204 0.682797530418376 0.07613737012586874 0.06127598960843983
1 0.26115929109086344 0.47182109763454105 0.05632177759440164 0.04590236188449914
1 0.32509173652676016 0.47598979156624066 0.05428568091374952 0.03954310124083733
1 0.36646117511417947 0.4000557222563887 0.06221658008391255 0.041651904459145864
1 0.9859267672214393 0.08216556578043041 0.028146465557121303 0.05730975544788164
1 0.8631650346665936 0.7258166488360374 0.05835787427505394 0.0522616225281606
1 0.9721964925500448 0.703270023457885 0.05187107593472753 0.048699579953513705
1 0.8212376437948002 0.7114699255712424 0.046473180913749704 0.038996798022528624
1 0.783453301263333 0.6999750506972932 0.051018970955705886 0.057965319309851895
1 0.419228548363548 0.9202207567852639 0.08970296265733602 0.07621257475773362
1 0.07888604566425562 0.8544854042070444 0.03582094606059656 0.1035291915859112
1 0.9419179193146094 0.7493691272966123 0.05236798340326061 0.03474634059717552
0 0.8830165159952614 0.7597710317557583 0.04443708423309758 0.03263753737886681
0 0.27101157823303473 0.684758140209188 0.03482528589277134 0.028856973516896468
0 0.312737136946323 0.6653472225084902 0.03974958423309749 0.03230975544788173
0 0.14196361827499104 0.7126314039549428 0.04275618506293446 0.030965776735205175
0 0.07097661205121371 0.7293761435633825 0.033736382573423505 0.03499771287323483
0 0.7302546784381718 0.5576125880761601 0.0449106809137497 0.03888753737886681
0 0.7060475838321121 0.5490952477310861 0.04263778589277134 0.029403276735204997
0 0.4051028197109504 0.045285730806363486 0.13833063942190088 0.09057146161272697
0 0.3195870977295593 0.45516919317539506 0.09933807178554285 0.059789899263365955
1 0.6609617334032605 0.005928663842299936 0.09573947510489056 0.011857327684599872
0 0.28024394565961125 0.651126185381725 0.02365098755244528 0.02496714901126431
0 0.21366009690436671 0.6534260127373487 0.029782588382282336 0.023841691585911207
0 0.23528848840085986 0.7626535472662239 0.02966418921211931 0.022279191585911205
1 0.25921124047545235 0.757053757289467 0.027628092531467273 0.015919930942249395
1 0.18504095728197328 0.8250714197943847 0.029900987552445368 0.025404191585911208
1 0.19420339234490772 0.8527047468979069 0.03818708423309749 0.032200494804219916
1 0.12614139919338496 0.9391446274718394 0.0659335759347277 0.04968292574646967
1 0.6371236755383868 0.7589015724888197 0.04538427759440165 0.04513753737886681
1 0.9875083035384181 0.8889507973430986 0.024983392923163806 0.054949579953513704
0 0.9771903846480161 0.019128514326832553 0.045619230703967874 0.03825702865366511
1 0.49654898757566723 0.9352341155676698 0.0826241684661948 0.06483803218308708