0 0.5385312103590291 0.6319495675976817 0.2554034307132568 0.33762677212991116
0 0.46242084148256 0.49524705092778226 0.16084610207923689 0.19636430121764636
0 0.19902119231239698 0.475318090766363 0.06815984937994446 0.10028678454774678
0 0.19786235662940704 0.40762040773582486 0.05871307178554282 0.05758910151720862
0 0.33106317509095756 0.5481970945593849 0.05641686597668398 0.06827151000193972
0 0.34858868151522754 0.8459807613790655 0.04621307178554286 0.0565687354561323
0 0.6993610439674265 0.7087506679069424 0.0962615385920639 0.12276756242753387
0 0.643153052466289 0.9813524866037373 0.07154495850815117 0.03729502679252548
1 0.5597485566154738 0.9860082291022826 0.059423466806520865 0.027983541795434875
1 0.7057607188578914 0.9458838771502777 0.07021925684847723 0.08647937606301567
1 0.7746328084895736 0.742407932909852 0.10251153859206372 0.12327774545807202
1 0.609379274470902 0.4750137835089768 0.16588879958972597 0.2014344384905499
1 0.4967762211561985 0.2700875542617621 0.0654133576783142 0.08453423879011232
1 0.5973117852680715 0.11557513956811336 0.06193316016782511 0.07959164727484325
1 0.06333860435432193 0.10814708197237136 0.053291865976683984 0.06801641848667059
1 0.24181326617253224 0.4292879847072264 0.06314046265733611 0.07503169303247788
1 0.2429721018555222 0.49698566773776454 0.06169636182749905 0.07646664727484324
1 0.44689462032636146 0.264443590017457 0.04621307178554268 0.05656873545613248
1 0.44438400434967756 0.3286974086539088 0.03984467261537965 0.05449605242559432
1 0.5223663717762541 0.3680785151720874 0.0419991684661948 0.06243609818322886
1 0.8588139412634899 0.9840625760775634 0.05930506763635819 0.031874847844873246
1 0.210709250601478 0.8708855533436782 0.05258147095570589 0.05864141848667046
1 0.23703310703039238 0.9769366982629686 0.04898287427505377 0.04612660347406283
1 0.22418067736604264 0.8279646007683027 0.039252676764564676 0.046683552425594146
1 0.23489395703503674 0.7903210795564755 0.058239475104890734 0.051339101517208795
1 0.02098377706994805 0.4294960524255943 0.0419675541398961 0.09011455909355401
1 0.05752723485315299 0.0707268303053814 0.10653526514684701 0.07391547424624481
1 0.18976794333808225 0.9501426186461501 0.035038773445216796 0.05255091515269043
0 0.17696121263411413 0.8909271153121704 0.03288427759440164 0.04461086939505634
0 0.23521083650818256 0.27782120849442926 0.029048882573423463 0.03498077787978708
0 0.25484790766902543 0.31951437198013 0.03252908008391255 0.03992336939505616
0 0.20255446970630597 0.1485962230382968 0.031203378424238613 0.042920823637421626
0 0.18317843028904962 0.07233674091614424 0.03612767676456467 0.046428460910325244
0 0.3750821717669653 0.7349475375918627 0.03913427759440165 0.04512105242559432
0 0.38244530848957364 0.7103939477435836 0.029640878424238615 0.04279327787978708
0 0.894904222606091 0.400060678367924 0.12545213112353082 0.13912588606495574
0 0.4661289497855742 0.32182552638197504 0.0603473493799445 0.09964905575957417
1 0.9393008049650888 0.6544450315521229 0.04136055103961809 0.09499350666795969
0 0.269171439412612 0.286095965162389 0.02509508838228234 0.023788186364518005
0 0.26398795455945895 0.21964191773776456 0.024006185062934372 0.029910640606883466
0 0.155310771571117 0.24300005621861615 0.022443685062934416 0.029783094849248924
1 0.16212853401867164 0.2671390578856061 0.016075285892771428 0.027710411818710857
1 0.09143844833568167 0.19376558864033117 0.025568685062934415 0.030038186364518004
1 0.06398795455945898 0.20331606076054404 0.032410680913749546 0.03836086939505616
1 0.000661928214457185 0.13788263727290362 0.00132385642891437 0.06326527454580724
1 0.17121273317954588 0.645200156068835 0.04538427759440165 0.04563123545613248
1 0.05245627487188733 0.9924264871231223 0.05333848755244537 0.015147025753755372
0 0.9180947754965872 0.9748229806243405 0.03191377344521662 0.05035403875131905
1 0.011264773645709427 0.5070470965162389 0.022529547291418855 0.08284419303247788