0 0.3202290676064043 0.8399869535669552 0.06259284190105419 0.0448861651028075
0 0.46584790410743204 0.42081670046486214 0.1707820266917457 0.13814412822814398
0 0.5863925088600676 0.31111428251206286 0.23506470258518863 0.18626455397461328
0 0.7334227232710733 0.46910210911138195 0.10292868182494211 0.07886768119435103
0 0.7962251763133724 0.6867323695029421 0.13044618676785777 0.10416261213660043
0 0.875063736616946 0.3960966618254876 0.06415534190105418 0.04499542574646931
0 0.8609667445256115 0.3596892682621049 0.07053267589344295 0.04855746832111638
0 0.8736670157801498 0.2583070847219654 0.07917284684397004 0.069416271539425
0 0.8494774406850094 0.221047385342384 0.07416701186299832 0.06127598960843983
0 0.8565033734985349 0.14421173373322965 0.08991934585538672 0.06549359604505715
0 0.30190339821311407 0.0661395441641308 0.05133700692008221 0.03630884059717552
0 0.39061572973404496 0.0685054374754119 0.06903384288963732 0.050010707677454615
0 0.0035401995822581024 0.5053212845288753 0.007080399164516205 0.05810743094224939
1 0.36332644608503595 0.6235207194063971 0.05997717787060939 0.057167643815484226
1 0.31583999794847156 0.7756348764634332 0.06590884288963732 0.049792186390131124
1 0.2791119776825165 0.8740230999803295 0.06485567885919252 0.062182925746469664
1 0.4176823877586287 0.8954942723726041 0.04508700692008212 0.03587179802252862
1 0.8607306866934958 0.6331431937564729 0.10480951680591417 0.08678944183801285
1 0.7622135681378769 0.4125571781691325 0.08217051285158128 0.06650979282674854
1 0.6198496546017237 0.40771077706418124 0.16960152866891215 0.14740986758448216
1 0.5215062909890207 0.16374189179867185 0.1300933596955513 0.1337408514929388
1 0.6277045528520188 0.10022605899516646 0.1423386917107738 0.12836493664223267
1 0.5346840647150168 0.05913810425531692 0.1519683596955513 0.11827620851063383
1 0.12669249258562618 0.033134928092257904 0.14349001482874763 0.06626985618451581
0 0.1418678705327852 0.20820634788664258 0.0787271778706093 0.058478771539425004
1 0.18963557258650124 0.4315620843929892 0.07266817885919244 0.06272922896477802
1 0.023218006160054316 0.3599870051957801 0.04643601232010863 0.054949579953513794
1 0.6961600755894318 0.005152949670120211 0.08284167490485964 0.010305899340240421
1 0.05568633692095726 0.3731536407133911 0.05041117688202614 0.05182457995351371
1 0.041068080000875036 0.40689485618451576 0.05634284190105417 0.04444912252816078
1 0.21450155730064308 0.10808637956552622 0.03427684091247105 0.038231973516896424
1 0.11572581768076642 0.06591494108170814 0.04084517589344294 0.046481516091543364
0 0.01112587720572162 0.38820484034507396 0.02225175441144324 0.03321669158591121