0 0.3941877426721896 0.5711128056710775 0.20055998407381015 0.15494364718563744
0 0.3689286793909531 0.44333641616618624 0.22196454721387235 0.17487671558737147
0 0.44549669759504307 0.21152570306847637 0.0665196420651398 0.04591871572854576
0 0.43104706072098775 0.17888750831603079 0.06486613680346806 0.04426521046687393
0 0.43266974487950255 0.12429101357770263 0.10647678413027997 0.09029034200867017
0 0.39515360530402416 0.02609388569981162 0.0691742052052021 0.05218777139962324
0 0.5273290684723213 0.030725054179191545 0.09012374203690499 0.06145010835838309
0 0.5934013895048912 0.008873170006559395 0.058343121018452494 0.01774634001311879
0 0.9140779105515786 0.0008990162085385611 0.07184417889684269 0.0017980324170771222
0 0.6686828395895958 0.08251522432692529 0.042627115756780756 0.036741136803468064
0 0.6315622711878618 0.1049208453453778 0.06016322625188941 0.07046368942018658
0 0.0071714030120066385 0.8468526131965319 0.014342806024013277 0.10080363680346807
0 0.9065919482303275 0.8503727693334847 0.07155575256024882 0.07891322625188942
1 0.3019756687970222 0.37638340557225536 0.08517863680346807 0.04544827886860805
1 0.27207533717052135 0.3282945160673642 0.1124537683452643 0.08596686305535757
1 0.3134052634365283 0.27372113715640395 0.1143802893919517 0.09230786831702939
1 0.8593981158273678 0.012071370126557582 0.08810621572854557 0.024142740253115164
1 0.9248363161238341 0.29650431668853133 0.033161110495108656 0.03463260523343692
0 0.89128806875467 0.2976796798144761 0.05089464206513981 0.045008663111827295
0 0.6623642211313919 0.04395325326612045 0.048877115756780755 0.03710515785015547