0 0.38636650890085666 0.4234719745979709 0.33011411905195925 0.24530310596427238
0 0.5280430882122842 0.4786642767886843 0.1911756154237622 0.15541022868809903
0 0.5682315454765275 0.7358259074300698 0.09749504809323425 0.06527331050398359
0 0.6348833321370163 0.7268624328986059 0.055034729581579886 0.05623327962517113
0 0.4857960461094997 0.6156929153476286 0.06748016587924895 0.05503449247815269
0 0.18832084538386024 0.641518595605938 0.054598219962933126 0.04373327962517113
0 0.2978819061757842 0.2754185709953318 0.12029763103285873 0.0924723079967011
0 0.024521306445936714 0.37333219992085775 0.04904261289187343 0.06896060015828454
1 0.02221227278067275 0.4553861819741691 0.0444245455613455 0.05797763605166182
1 0.06120779619431769 0.30337740109535666 0.08510417549789592 0.06803459765100213
1 0.25817705463183815 0.20555235187414422 0.12051588584218224 0.09872230799670109
1 0.5371328899337154 0.3301131165221276 0.19597224282842376 0.1586716210079671
1 0.7488937907520221 0.4121430518615089 0.08181548439090332 0.06325616943775678
1 0.8944196002780018 0.29005980021215627 0.07701885698624196 0.05999477711788872
1 0.9400122870390071 0.8171020218406264 0.06268353847458741 0.051773100158284534
1 0.6097394883976186 0.6870103227111914 0.0723313569862416 0.05985838479802066
1 0.5431149835882951 0.6951925472426554 0.07383929328391084 0.058341348904643375
1 0.7589210659797656 0.4602395710618389 0.054598219962933216 0.043733279625171304
1 0.6952851519146149 0.47223711738005747 0.052817465153609786 0.03743781551854859
1 0.6501661140729997 0.40096752263204916 0.060739092558271326 0.04079013605166182
1 0.013333324502104055 0.15892035893377318 0.02666664900420811 0.05715928213245362
1 0.17328114402524866 0.7816578622989855 0.05794147477225651 0.05007420783841639
1 0.06358868549506094 0.7715818318158846 0.05163691106992567 0.048329851411925875
1 0.2145609084532189 0.7617257955267958 0.045059528855940556 0.038772994985435
1 0.25098948177419667 0.746617621074474 0.04883929328391083 0.05761392319868044
1 0.627254337494494 0.9229789149519171 0.08844743030721922 0.0743755258642473
1 0.9587622870390071 0.8165564525611542 0.027038704353836353 0.1038069615993404
1 0.0964631836809624 0.8135503714701855 0.05265377404661713 0.03275031551854859
0 0.1556472107228044 0.8172914854185237 0.04484127404661713 0.032522994985435004
0 0.7609026843139345 0.6716855364221027 0.03374008293962447 0.027517246239076344
0 0.7184522894860776 0.6580920493542265 0.04009921034428636 0.03082410266556703
0 0.8915524835882952 0.6850540514657976 0.04322421034428636 0.03091503087881229
0 0.9607290695231445 0.6931871487210882 0.029325401451279022 0.03519335391920819
0 0.29593493794213166 0.5993645363555957 0.0434424651536097 0.03716503087881229
0 0.3197271020072822 0.5885263247562555 0.04160714664195542 0.029307066772189572
0 0.09122271152541261 0.047294885655950476 0.05399801923729371 0.026545779625171163
0 0.5886334248649238 0.049393280087389566 0.13523315027015242 0.09878656017477913
0 0.6999552937472469 0.4502484571135007 0.09878472958158006 0.05750627461060631
1 0.33239334854872116 0.02511417719071334 0.09387897477225646 0.05022835438142668
0 0.7503024902117172 0.6399952672217728 0.022693455534962936 0.024073997492717502
0 0.8168178676163788 0.6349380426903088 0.028943455534962935 0.024255853919208193
0 0.8012523766020536 0.745435273489979 0.028888891832632168 0.02269335391920819
1 0.7771700358578807 0.7422337171426305 0.027108137023308564 0.016397889812585477
1 0.8547022696158117 0.8016337977048739 0.028998019237293705 0.02581835391920819
1 0.8474701229738564 0.8299406541313644 0.038536710344286004 0.030778638558944492
1 0.9197146560061483 0.9066646270134757 0.06569941106992587 0.04873902837152997
1 0.4009423525554364 0.788301352732074 0.04366071996293321 0.04341503087881229
1 0.04532229121535823 0.9594228126155546 0.0502926658792491 0.054534387305303154
0 0.019947912251052028 0.08844873456059381 0.039895824502104056 0.048102530878812375
1 0.5515177275130274 0.9462549420698059 0.08025298439090349 0.06321070533113407