0 0.31178897843593817 0.8017748266536456 0.030196646276527784 0.022565984232430482
0 0.288406683033091 0.8382760243169443 0.028670513867708358 0.024092116641249817
0 0.11969621058107645 0.07147299686586796 0.07565592306201396 0.09702177678548615
0 0.6631189022604514 0.04475457513503417 0.0878649823325695 0.08481271751493062
1 0.8578001950978476 0.2817603466021868 0.11242987765916687 0.133795731382639
1 0.7507605594579868 0.7876492835319091 0.2876883700597226 0.35025979882131963
1 0.5748669406325353 0.6189934685617704 0.2570189450978475 0.3073813145888892
1 0.549924758071216 0.7899787689986107 0.17460387575930572 0.18833906743868062
1 0.43047136284152787 0.1244284638121177 0.03699216014423605 0.046148954597152826
1 0.35072735182361114 0.027095329312812368 0.05454333605604171 0.054190658625624735
1 0.13191833405927145 0.730920732048229 0.025763719414791674 0.033394381458888844
1 0.3945105594579868 0.7959410943210761 0.025618249050069507 0.027144381458888846
1 0.4409861691653826 0.8112745003812497 0.02590918977951393 0.03964438145888884
1 0.4391717088686466 0.9348211031547914 0.03208645459715278 0.03666485182361114
0 0.39467682645982716 0.9374200795034373 0.02732621941479163 0.03343074905006915
0 0.11513218398302152 0.8157321431423957 0.031977351823611146 0.031977351823611146
0 0.03591811587875073 0.8715113240881944 0.030305749050069462 0.02725348423243048
0 0.48348410011118137 0.8907976930105551 0.027326219414791807 0.03343074905006951
0 0.58379453105698 0.9689752847661801 0.03208645459715278 0.03666485182361114
0 0.5430597750730564 0.9316214083412844 0.020967116641249995 0.028597778685347207
0 0.6522535903275355 0.9548751107542355 0.02263871941479163 0.03332164627652787
1 0.9021444875539938 0.9443687961653465 0.027180749050069508 0.027180749050069508
1 0.8482025231731953 0.977672911856666 0.0220204703647223 0.006759146276527872
0 0.3568482117184382 0.85700653410059 0.02412848423243057 0.030233013867708537
0 0.43580574705329916 0.6894540517680204 0.02405574905006951 0.027108013867708357
0 0.10661378200691052 0.9535049000762499 0.02736258700597225 0.034993249050069154
1 0.9539784380670842 0.8876635480652076 0.02427395459715278 0.03648301386770854
1 0.9207672009848619 0.9384636350711798 0.0162068814588892 0.02536367591180557
0 0.5756716001111812 0.8886520051309024 0.01773301386770836 0.02383754350298588
0 0.506122166315591 0.8894891129384371 0.021039851823611143 0.03172277868534721
0 0.4542862561713548 0.8453585596518053 0.024019381458888843 0.025545513867708536
0 0.43006815938173687 0.8795341911106942 0.020785278685347207 0.020785278685347207
0 0.0609187690891327 0.904541376424896 0.019295513867708357 0.023873911094166544
0 0.39655095773128485 0.14475980081808995 0.04967399810013893 0.054252395326597244
1 0.20258024543777858 0.9457995432186458 0.1547251740119445 0.07231402393569439
1 0.34985528894076473 0.9595684896476733 0.11526263050895835 0.054217334156180644