0 0.4861477596635839 0.8810001732575035 0.062436098183228775 0.03819089067472703
0 0.4882827972554466 0.45325698126195785 0.17063097758022466 0.12062267735518084
0 0.4070802078662094 0.32932058927436636 0.23488466727872268 0.16195674936345322
0 0.208993909982543 0.4611898492998197 0.10235946757828503 0.06831474267981755
0 0.07229178012650521 0.6633710619828189 0.13070760818516852 0.09049882535009016
0 0.09548913256179785 0.3696301526495917 0.06399859818322887 0.03820907200827239
0 0.12160509347212309 0.33654493264641 0.07050368969849793 0.041406797342454116
0 0.14467554483955064 0.2355909599777283 0.07997428454774687 0.06181020401018138
0 0.1808839828710586 0.20316881130650125 0.0730865557595742 0.05392497867599957
0 0.2002874292375163 0.12801426997136495 0.0904016015172087 0.05568747334499946
0 0.7704245860552573 0.13308774256050487 0.05098841515269079 0.03181362133990877
0 0.6830999292375163 0.1223962379058225 0.0690687354561323 0.04295111600890866
0 0.9269631757343586 0.6058150758673243 0.037276601517208616 0.05506930800445442
1 0.5185928242171498 0.6652024505888218 0.05889651000193972 0.05219884667409058
1 0.5129970442113307 0.8198081345878674 0.06594373545613248 0.042914753341817755
1 0.5149265928439032 0.9204712059198219 0.06540160151720861 0.055396572008272214
1 0.3712403657227205 0.9213626386060028 0.044738415152690794 0.03174089600572714
1 0.040227354307557736 0.6014528646562732 0.08045470861511547 0.07616360534690862
1 0.19977814877265537 0.4019784813017287 0.08284419303247778 0.05872156667727228
1 0.3412801225598582 0.4182836392823205 0.16983375212603188 0.1299794960216353
1 0.521827847265145 0.19529903059359427 0.13013352333785927 0.12171246268299925
1 0.43986011226805444 0.1189825259389119 0.14212334030732113 0.11560791335136282
1 0.5481348689360142 0.08338028592459437 0.15188097758022465 0.12040450135263547
1 0.9450258443902071 0.08812813653727868 0.10433629788366652 0.1307783800127267
0 0.8790348272612658 0.2941695985439602 0.07908146424430526 0.05087270401018138
1 0.7549762186170551 0.5040087698918232 0.0732141015172088 0.05548747867599957
1 0.9412962269520048 0.45891280386700617 0.044706464244305265 0.0504727146721816
1 0.41082592969655823 0.00877392130809207 0.08147314060688356 0.01754784261618414
1 0.9062834981638321 0.46712529320500595 0.04913887272903601 0.04740225867281787
1 0.9089462414958724 0.5014366585375969 0.0563136439408634 0.03968066534054522
1 0.8425867574168657 0.18610310721677809 0.034056006667959694 0.03473862667090892
1 0.9532212395390183 0.1598395045353697 0.040943735456132654 0.04262385200509069
0 0.9467491304357658 0.48772814719927887 0.02742336939505634 0.029978401336727068