0 0.5250737216255021 0.599084856269957 0.21249854195220053 0.16211924668035033
0 0.5792291425592501 0.4738121454975685 0.23711911035393457 0.18256810206654456
0 0.5529906791791916 0.24045019965409878 0.06991765785015538 0.04726588544042354
0 0.5751232844126285 0.20908202498606374 0.06670165258848364 0.04568520472226432
0 0.5860754659403073 0.15513032319066564 0.11483531570031094 0.09438632513557321
0 0.6467238105798134 0.052468410622879026 0.07569722099021767 0.06604315651766242
0 0.5133120711031571 0.05012063632418634 0.09673776308359247 0.07866133118569744
0 0.5256979500141175 0.01339838290634078 0.06110409997176518 0.02679676581268156
0 0.4531859131824145 0.023135955507831242 0.0618321420651398 0.04253293364502547
0 0.35870089483715023 0.10334615115490926 0.04593412628012441 0.03775453005422928
0 0.39088406328123654 0.1273694584346975 0.06668624203690507 0.07223861436318471
0 0.8681664850620304 0.8899582785021053 0.05591534200867017 0.10185339149054755
1 0.66103985565696 0.4100763775435876 0.0887586631118273 0.04893746974937905
1 0.7020057608762795 0.36375991374613703 0.11934080517696728 0.09128859621281205
1 0.6716426976656302 0.3084866064663488 0.12273882096198285 0.09599427693097136
1 0.18709818159826597 0.019894343482337585 0.09142863680346806 0.03978868696467517
1 0.0548647213431535 0.3050460483027978 0.03646812101845254 0.036137487899751616
0 0.08827646081980982 0.307975605582586 0.05429265785015547 0.04717498184962743
0 0.3734305237481105 0.06499217828227231 0.052275131541796235 0.03935339149054777