0 0.45900691986379644 0.3772577246021772 0.19872402667183914 0.1506112772394083
0 0.44068696774746285 0.5089665465099193 0.22043953000581898 0.16921916560701078
0 0.5310561026044704 0.7305030569014794 0.0656886439408634 0.04343292574646931
0 0.518954586393613 0.765134783016266 0.06399859818322895 0.041761165102807675
0 0.5226374379108217 0.8198769133380969 0.10663237939699588 0.08824268119435104
0 0.491658118066422 0.9312568097514712 0.06878169303247787 0.06229218639013112
0 0.6231951604900766 0.9063446550402237 0.08842451333591957 0.07454081411407217
0 0.6211063730673918 0.9481333172930396 0.05854582363742171 0.03205838317182241
0 0.6895694595816911 0.9205603383282617 0.059056006667959696 0.03830838317182241
0 0.7712339188250263 0.9392067955015131 0.07391573212215263 0.03002598960843983
0 0.9872911586539088 0.9012322760557752 0.025417682692182454 0.07188570767745475
0 0.7602330327600707 0.8236910561451747 0.04330346091032524 0.035653276735205
0 0.7211387107896391 0.8067820615930564 0.058481921820650484 0.06933986188449914
0 0.04255364606689528 0.1651661780922579 0.045535382730975724 0.10105975544788164
0 0.9509085378817268 0.025154457211688807 0.07149210485118865 0.050308914423377614
1 0.37871286835628604 0.5871568845092048 0.08587359818322877 0.043290814114071985
1 0.3516718783582257 0.6409045973824394 0.11249974212409226 0.08399222376899793
1 0.3956608654813481 0.6888997009690653 0.11444487939699588 0.08878898441265974
1 0.9426004119878886 0.9231726140550606 0.11479917602422277 0.04089778763096845
1 0.9546364791265283 0.8855251485839357 0.08635183030538159 0.06818155347041
1 0.992345900693412 0.5663820286536652 0.01530819861317596 0.03499771287323483
0 0.9682536004784386 0.5710748824923925 0.050191189698497854 0.04390281930985207
0 0.756390426700934 0.8632452290416527 0.04955346091032524 0.03609031930985225