0 0.3725355537225118 0.15258308187306852 0.03288890965492604 0.02361930718159235
0 0.3541244073091375 0.11283023546386468 0.03143567029858776 0.025172716822512743
0 0.0967903246808591 0.8364960362025494 0.0834459205506893 0.09888292759490121
0 0.6327656655301361 0.9568655400131785 0.09619729282674853 0.08021474082661798
1 0.8552094760379119 0.7625241457921561 0.12836493664223275 0.13819086729005078
1 0.8073800833077085 0.24618607348525323 0.32512994804219914 0.36112034894328654
1 0.613542238018956 0.38018032016560355 0.2908206500196705 0.3171885417616943
1 0.6085001868943343 0.20748316354974525 0.19479831981405518 0.19480448165323566
1 0.4120164869336752 0.8401330788480064 0.04244957995351371 0.048664758976990186
1 0.3210961920132397 0.9258529311109427 0.06072968639013112 0.06438975292686636
1 0.18525942884856256 0.19040631050124207 0.03052873416055819 0.03453862646343313
1 0.45453395273377606 0.17398992838046817 0.028529191585911207 0.02827953610435352
1 0.5024797798372983 0.16667687724900002 0.029403276735204997 0.040779536104353475
1 0.515051199631683 0.044679157401425196 0.036997255447881724 0.0376999878997516
0 0.4705910054478816 0.034777437455654495 0.032091234160558105 0.034547716822512745
0 0.17846884344716712 0.10447335568078187 0.03510697351689642 0.03300339754067196
0 0.10641924480421991 0.03533299112120542 0.03321669158591121 0.028306807181592352
0 0.5538130508725201 0.09603712432213381 0.032091234160558105 0.034547716822512745
0 0.6637782767352051 0.036779778109321704 0.03554401609154336 0.03925339754067196
0 0.618197978964778 0.06674453406125005 0.023950952229573018 0.029814765027114644
0 0.7297528379992855 0.06375082338705737 0.0274037341605581 0.03452044574527389
1 0.9766549711711079 0.11858727255017683 0.030091691585911205 0.028288626463433088
1 0.928354228964778 0.06494009778394591 0.02562271287323483 0.031386355386194255
0 0.4240544950563215 0.10695241930528188 0.027185212873234655 0.031395445745273864
0 0.48265858875559015 0.28559050371243316 0.026966691585911206 0.028270445745273865
1 0.9925150999418921 0.12786227860030103 0.014969800116215737 0.02509999394987581
0 0.6458038089182919 0.11504113349551597 0.020388909654926124 0.02354658430895542
0 0.5760704631253363 0.10137860929501916 0.02562271287323483 0.031386355386194255
0 0.5198258169640635 0.1353132477605048 0.026857430942249395 0.026707945745273864
0 0.49923481151618193 0.09791778688992041 0.023404649011264312 0.022002265027114644
0 0.13424931386197042 0.0090159308163551 0.02162362772394082 0.0180318616327102
0 0.3804715559914257 0.8137432956705192 0.05549588317182241 0.05654998184962743
1 0.28239723675844824 0.015815376659824847 0.15854447351689646 0.03163075331964969
1 0.42938149740210996 0.0168915424490653 0.11813799480421991 0.0337830848981306